timestamp,equipment_id,equipment_type,vibration_mm_s,temperature_c,pressure_bar,current_amp,rpm,oil_level_pct,noise_db,fault_code,is_anomaly
2026-05-16 10:43:28,BF-01,Blast Furnace,1.786,65.44,4.921,94.47,2128.8,72.81,43.29,,0
2026-05-16 11:55:28,BF-01,Blast Furnace,1.079,53.22,3.404,150.29,1794.7,91.66,55.52,,0
2026-05-16 13:07:28,BF-01,Blast Furnace,2.254,80.61,5.563,187.16,773.4,69.93,66.59,,0
2026-05-16 14:19:28,BF-01,Blast Furnace,2.434,68.81,2.951,167.78,2449.4,65.18,57.35,,0
2026-05-16 15:31:28,BF-01,Blast Furnace,2.462,80.68,6.833,135.51,1830.7,83.87,46.74,,0
2026-05-16 16:43:28,BF-01,Blast Furnace,2.415,85.5,2.503,139.74,1859.3,70.31,40.22,,0
2026-05-16 17:55:28,BF-01,Blast Furnace,2.811,51.67,6.112,73.4,2321.2,63.43,69.58,,0
2026-05-16 19:07:28,BF-01,Blast Furnace,2.979,48.69,3.419,97.7,2345.3,74.35,63.66,,0
2026-05-16 20:19:28,BF-01,Blast Furnace,2.14,73.11,2.774,156.33,711.8,82.36,65.74,,0
2026-05-16 21:31:28,BF-01,Blast Furnace,1.509,57.47,7.3,149.5,1327.7,71.74,78.01,,0
2026-05-16 22:43:28,BF-01,Blast Furnace,1.061,89.24,3.267,53.29,1761.6,64.93,68.44,,0
2026-05-16 23:55:28,BF-01,Blast Furnace,2.353,40.81,5.32,137.6,2300.0,71.81,47.85,,0
2026-05-17 01:07:28,BF-01,Blast Furnace,1.711,139.02,6.577,106.58,2832.1,94.78,79.23,E002-OVERHEAT,1
2026-05-17 02:19:28,BF-01,Blast Furnace,0.878,50.94,4.736,59.07,2094.3,97.36,76.51,,0
2026-05-17 03:31:28,BF-01,Blast Furnace,2.107,81.52,6.108,197.12,1696.3,67.29,45.39,,0
2026-05-17 04:43:28,BF-01,Blast Furnace,1.461,69.02,7.725,160.84,602.6,96.36,62.87,,0
2026-05-17 05:55:28,BF-01,Blast Furnace,1.25,48.5,5.946,133.74,1234.5,78.83,69.64,,0
2026-05-17 07:07:28,BF-01,Blast Furnace,2.891,53.72,5.75,142.16,733.6,85.64,63.67,,0
2026-05-17 08:19:28,BF-01,Blast Furnace,1.915,74.29,0.721,57.36,2016.0,79.87,76.17,E003-PRESSURE_LOSS,1
2026-05-17 09:31:28,BF-01,Blast Furnace,2.298,61.21,4.276,84.45,1651.6,66.2,47.54,,0
2026-05-17 10:43:28,BF-01,Blast Furnace,2.026,48.21,4.107,81.96,2370.7,96.8,64.64,,0
2026-05-17 11:55:28,BF-01,Blast Furnace,0.916,137.03,2.174,98.66,640.3,74.34,57.23,E002-OVERHEAT,1
2026-05-17 13:07:28,BF-01,Blast Furnace,6.679,81.47,3.605,77.06,2256.7,72.36,86.01,E001-BEARING_WEAR,1
2026-05-17 14:19:28,BF-01,Blast Furnace,0.686,80.9,2.291,50.96,843.7,85.23,42.72,,0
2026-05-17 15:31:28,BF-01,Blast Furnace,1.934,49.14,6.477,189.54,975.4,89.48,49.39,,0
2026-05-17 16:43:28,BF-01,Blast Furnace,2.926,67.11,3.053,55.69,640.4,84.07,40.8,,0
2026-05-17 17:55:28,BF-01,Blast Furnace,1.698,48.88,4.389,97.87,2337.2,85.32,78.71,,0
2026-05-17 19:07:28,BF-01,Blast Furnace,0.599,86.11,3.83,123.49,2361.0,60.73,67.37,,0
2026-05-17 20:19:28,BF-01,Blast Furnace,2.688,78.27,2.193,149.03,2037.3,97.45,75.56,,0
2026-05-17 21:31:28,BF-01,Blast Furnace,2.47,74.26,7.795,58.07,2359.2,68.12,74.75,,0
2026-05-17 22:43:28,BF-01,Blast Furnace,2.131,69.05,6.104,80.35,845.3,87.54,75.95,,0
2026-05-17 23:55:28,BF-01,Blast Furnace,1.677,84.74,3.59,146.28,1468.8,74.84,55.26,,0
2026-05-18 01:07:28,BF-01,Blast Furnace,2.774,61.5,7.454,165.51,2140.6,82.59,46.32,,0
2026-05-18 02:19:28,BF-01,Blast Furnace,1.258,85.45,3.271,78.5,2353.7,89.88,70.17,,0
2026-05-18 03:31:28,BF-01,Blast Furnace,2.313,67.95,7.476,192.04,2749.0,86.18,48.89,,0
2026-05-18 04:43:28,BF-01,Blast Furnace,2.608,67.39,3.883,160.52,1884.0,68.69,48.39,,0
2026-05-18 05:55:28,BF-01,Blast Furnace,0.702,56.63,7.92,97.01,645.0,78.08,48.38,,0
2026-05-18 07:07:28,BF-01,Blast Furnace,2.948,54.63,5.436,192.86,1786.0,96.01,72.61,,0
2026-05-18 08:19:28,BF-01,Blast Furnace,2.94,76.62,4.621,145.89,1718.0,72.69,68.29,,0
2026-05-18 09:31:28,BF-01,Blast Furnace,1.45,78.61,3.772,86.97,683.8,70.72,55.2,,0
2026-05-18 10:43:28,BF-01,Blast Furnace,2.208,47.32,2.372,167.65,1010.0,81.65,54.35,,0
2026-05-18 11:55:28,BF-01,Blast Furnace,1.216,75.63,6.603,113.54,1505.7,85.62,61.51,,0
2026-05-18 13:07:28,BF-01,Blast Furnace,2.077,56.73,3.978,133.69,1466.4,70.08,74.06,,0
2026-05-18 14:19:28,BF-01,Blast Furnace,0.766,59.04,2.318,58.49,1167.4,91.42,79.34,,0
2026-05-18 15:31:28,BF-01,Blast Furnace,1.631,87.99,2.001,55.2,1211.2,60.65,45.4,,0
2026-05-18 16:43:28,BF-01,Blast Furnace,2.428,75.25,6.141,123.35,1699.5,82.42,77.38,,0
2026-05-18 17:55:28,BF-01,Blast Furnace,0.947,41.56,2.642,78.74,579.5,85.67,55.54,,0
2026-05-18 19:07:28,BF-01,Blast Furnace,2.343,78.2,7.687,136.35,2956.7,75.54,77.41,,0
2026-05-18 20:19:28,BF-01,Blast Furnace,1.431,56.89,6.762,96.64,2607.1,94.33,67.39,,0
2026-05-18 21:31:28,BF-01,Blast Furnace,1.504,59.79,7.274,153.58,623.2,79.01,50.74,,0
2026-05-18 22:43:28,BF-01,Blast Furnace,0.966,42.23,4.638,89.51,2592.7,82.57,46.05,,0
2026-05-18 23:55:28,BF-01,Blast Furnace,0.581,53.14,7.173,63.05,2663.2,64.7,72.48,,0
2026-05-19 01:07:28,BF-01,Blast Furnace,2.737,85.96,3.379,185.19,2230.7,82.67,50.84,,0
2026-05-19 02:19:28,BF-01,Blast Furnace,1.91,68.33,7.097,151.56,1851.4,75.35,69.59,,0
2026-05-19 03:31:28,BF-01,Blast Furnace,1.917,80.38,7.752,75.3,1283.0,91.43,68.49,,0
2026-05-19 04:43:28,BF-01,Blast Furnace,2.814,67.01,5.964,94.61,739.8,75.72,61.99,,0
2026-05-19 05:55:28,BF-01,Blast Furnace,2.5,60.62,4.119,130.35,2252.0,70.53,51.49,,0
2026-05-19 07:07:28,BF-01,Blast Furnace,2.396,46.82,3.721,130.26,2219.4,79.68,70.22,,0
2026-05-19 08:19:28,BF-01,Blast Furnace,2.148,85.1,5.236,50.18,2844.3,87.14,57.26,,0
2026-05-19 09:31:28,BF-01,Blast Furnace,1.851,79.93,2.66,179.97,829.5,11.48,71.54,E005-LOW_OIL,1
2026-05-16 10:10:28,BF-02,Blast Furnace,2.433,47.32,2.252,193.3,697.6,96.96,66.24,,0
2026-05-16 11:22:28,BF-02,Blast Furnace,2.462,64.89,5.654,166.69,2578.7,98.92,54.32,,0
2026-05-16 12:34:28,BF-02,Blast Furnace,9.577,60.5,5.929,73.15,1673.7,98.77,84.25,E006-VIBRATION_HIGH,1
2026-05-16 13:46:28,BF-02,Blast Furnace,2.821,56.75,4.726,146.2,1810.8,95.57,45.37,,0
2026-05-16 14:58:28,BF-02,Blast Furnace,0.511,76.81,5.319,114.92,1962.8,96.97,71.24,,0
2026-05-16 16:10:28,BF-02,Blast Furnace,2.18,46.16,7.351,118.61,1973.3,80.17,78.55,,0
2026-05-16 17:22:28,BF-02,Blast Furnace,2.993,80.53,7.805,197.99,2169.6,88.38,62.0,,0
2026-05-16 18:34:28,BF-02,Blast Furnace,0.635,78.55,5.144,199.4,759.8,84.72,43.37,,0
2026-05-16 19:46:28,BF-02,Blast Furnace,2.68,71.46,5.581,89.83,2139.0,98.88,63.14,,0
2026-05-16 20:58:28,BF-02,Blast Furnace,2.459,62.53,3.369,132.96,1438.6,67.43,63.44,,0
2026-05-16 22:10:28,BF-02,Blast Furnace,1.075,68.49,3.474,132.6,2858.7,73.5,70.53,,0
2026-05-16 23:22:28,BF-02,Blast Furnace,1.725,71.2,5.542,57.36,1051.8,88.71,40.52,,0
2026-05-17 00:34:28,BF-02,Blast Furnace,1.724,88.3,3.88,108.3,1481.4,64.57,54.08,,0
2026-05-17 01:46:28,BF-02,Blast Furnace,0.954,84.78,3.5,107.24,531.5,98.98,68.59,,0
2026-05-17 02:58:28,BF-02,Blast Furnace,0.748,75.09,7.117,365.56,2422.4,88.83,48.6,E004-OVERCURRENT,1
2026-05-17 04:10:28,BF-02,Blast Furnace,12.952,58.77,7.649,79.75,1980.2,93.22,105.81,E006-VIBRATION_HIGH,1
2026-05-17 05:22:28,BF-02,Blast Furnace,2.993,49.0,6.606,54.04,2318.0,97.72,48.39,,0
2026-05-17 06:34:28,BF-02,Blast Furnace,1.358,79.21,5.127,102.25,744.1,88.88,58.1,,0
2026-05-17 07:46:28,BF-02,Blast Furnace,2.655,64.1,3.547,107.4,2471.6,68.82,68.05,,0
2026-05-17 08:58:28,BF-02,Blast Furnace,2.903,88.63,2.854,91.97,609.8,69.26,73.82,,0
2026-05-17 10:10:28,BF-02,Blast Furnace,1.463,49.66,5.941,135.5,2868.8,82.34,62.33,,0
2026-05-17 11:22:28,BF-02,Blast Furnace,1.765,76.68,7.298,142.96,1410.2,84.81,52.83,,0
2026-05-17 12:34:28,BF-02,Blast Furnace,0.683,48.9,3.511,60.57,2554.0,96.44,56.31,,0
2026-05-17 13:46:28,BF-02,Blast Furnace,1.324,46.11,0.58,149.8,2375.7,94.72,68.84,E003-PRESSURE_LOSS,1
2026-05-17 14:58:28,BF-02,Blast Furnace,2.292,58.16,4.715,64.62,2147.3,60.09,54.21,,0
2026-05-17 16:10:28,BF-02,Blast Furnace,1.993,41.47,6.864,92.14,2521.6,78.87,54.3,,0
2026-05-17 17:22:28,BF-02,Blast Furnace,12.335,71.56,7.526,199.61,2366.9,77.36,84.81,E006-VIBRATION_HIGH,1
2026-05-17 18:34:28,BF-02,Blast Furnace,2.81,74.22,3.682,131.45,2145.3,67.17,74.02,,0
2026-05-17 19:46:28,BF-02,Blast Furnace,1.993,41.07,6.721,86.54,814.8,9.14,42.74,E005-LOW_OIL,1
2026-05-17 20:58:28,BF-02,Blast Furnace,1.297,88.64,7.767,95.5,2364.0,92.87,65.47,,0
2026-05-17 22:10:28,BF-02,Blast Furnace,0.648,78.44,5.914,84.83,2346.7,94.01,41.49,,0
2026-05-17 23:22:28,BF-02,Blast Furnace,2.437,64.35,2.653,146.83,704.9,71.22,73.06,,0
2026-05-18 00:34:28,BF-02,Blast Furnace,2.914,79.22,7.424,79.1,2195.8,82.82,57.62,,0
2026-05-18 01:46:28,BF-02,Blast Furnace,0.76,64.81,3.987,61.67,1367.0,72.78,65.45,,0
2026-05-18 02:58:28,BF-02,Blast Furnace,2.45,86.09,4.006,181.97,1585.8,97.21,44.82,,0
2026-05-18 04:10:28,BF-02,Blast Furnace,1.543,68.64,4.559,96.86,2013.4,77.97,45.27,,0
2026-05-18 05:22:28,BF-02,Blast Furnace,0.532,132.34,4.941,115.03,1405.5,95.66,58.39,E002-OVERHEAT,1
2026-05-18 06:34:28,BF-02,Blast Furnace,2.931,51.4,3.803,161.56,2435.1,72.83,69.15,,0
2026-05-18 07:46:28,BF-02,Blast Furnace,2.945,56.9,7.912,183.98,2261.3,77.25,66.15,,0
2026-05-18 08:58:28,BF-02,Blast Furnace,1.923,50.87,2.463,98.7,1706.3,79.53,75.96,,0
2026-05-18 10:10:28,BF-02,Blast Furnace,1.167,44.13,4.547,114.59,2987.7,67.22,51.75,,0
2026-05-18 11:22:28,BF-02,Blast Furnace,0.891,50.99,6.481,169.52,2623.7,71.8,65.36,,0
2026-05-18 12:34:28,BF-02,Blast Furnace,2.7,76.36,7.351,122.46,1720.3,95.5,57.63,,0
2026-05-18 13:46:28,BF-02,Blast Furnace,1.917,67.18,3.942,120.26,2669.2,83.95,74.42,,0
2026-05-18 14:58:28,BF-02,Blast Furnace,2.426,77.38,7.097,189.3,2084.7,85.29,42.17,,0
2026-05-18 16:10:28,BF-02,Blast Furnace,1.161,64.21,7.744,91.85,1246.2,97.66,79.29,,0
2026-05-18 17:22:28,BF-02,Blast Furnace,1.653,114.62,3.532,51.41,2511.6,96.05,67.1,E002-OVERHEAT,1
2026-05-18 18:34:28,BF-02,Blast Furnace,1.114,86.73,0.123,117.62,2376.2,82.79,66.73,E003-PRESSURE_LOSS,1
2026-05-18 19:46:28,BF-02,Blast Furnace,2.379,56.03,3.985,91.72,1767.3,82.02,55.15,,0
2026-05-18 20:58:28,BF-02,Blast Furnace,2.502,51.19,5.65,191.45,2281.9,88.37,51.02,,0
2026-05-18 22:10:28,BF-02,Blast Furnace,1.99,79.37,5.153,129.23,1404.5,96.69,44.49,,0
2026-05-18 23:22:28,BF-02,Blast Furnace,2.93,89.89,6.655,159.87,1866.4,91.84,46.02,,0
2026-05-19 00:34:28,BF-02,Blast Furnace,1.574,61.45,4.864,50.7,1834.5,89.23,78.0,,0
2026-05-19 01:46:28,BF-02,Blast Furnace,1.453,66.22,6.178,111.24,1249.7,67.36,61.52,,0
2026-05-19 02:58:28,BF-02,Blast Furnace,2.018,77.4,0.561,172.9,2911.8,64.32,41.03,E003-PRESSURE_LOSS,1
2026-05-19 04:10:28,BF-02,Blast Furnace,2.255,50.27,6.114,51.4,1552.2,64.04,60.81,,0
2026-05-19 05:22:28,BF-02,Blast Furnace,2.424,87.3,0.703,182.1,1939.2,79.08,77.71,E003-PRESSURE_LOSS,1
2026-05-19 06:34:28,BF-02,Blast Furnace,2.692,55.6,2.616,125.5,1265.3,62.61,41.83,,0
2026-05-19 07:46:28,BF-02,Blast Furnace,10.362,64.92,4.652,57.74,1167.6,65.24,82.81,E006-VIBRATION_HIGH,1
2026-05-19 08:58:28,BF-02,Blast Furnace,0.552,78.24,6.929,369.17,2407.8,67.01,60.76,E004-OVERCURRENT,1
2026-05-16 10:50:28,COMP-01,Compressor,1.945,77.91,3.353,117.69,2498.0,61.34,40.8,,0
2026-05-16 12:02:28,COMP-01,Compressor,1.226,55.0,2.945,156.43,2250.5,66.96,54.46,,0
2026-05-16 13:14:28,COMP-01,Compressor,2.359,40.36,5.135,127.96,1437.6,68.22,72.17,,0
2026-05-16 14:26:28,COMP-01,Compressor,0.627,87.27,7.185,112.72,2906.7,96.09,72.54,,0
2026-05-16 15:38:28,COMP-01,Compressor,1.915,83.61,2.877,159.8,2847.9,61.62,70.46,,0
2026-05-16 16:50:28,COMP-01,Compressor,1.695,56.59,5.685,170.97,1351.9,67.1,72.1,,0
2026-05-16 18:02:28,COMP-01,Compressor,1.558,78.81,3.426,68.28,1096.1,85.56,64.91,,0
2026-05-16 19:14:28,COMP-01,Compressor,1.694,81.11,4.404,61.11,2073.6,23.98,45.97,E005-LOW_OIL,1
2026-05-16 20:26:28,COMP-01,Compressor,2.736,89.31,4.832,93.06,950.0,65.42,65.66,,0
2026-05-16 21:38:28,COMP-01,Compressor,2.871,62.8,5.122,128.62,1584.2,87.47,45.35,,0
2026-05-16 22:50:28,COMP-01,Compressor,2.469,132.88,2.015,158.91,2593.7,83.2,66.4,E002-OVERHEAT,1
2026-05-17 00:02:28,COMP-01,Compressor,2.479,88.16,5.825,183.52,1905.8,86.18,58.25,,0
2026-05-17 01:14:28,COMP-01,Compressor,1.03,49.64,2.256,61.76,2207.8,68.08,72.9,,0
2026-05-17 02:26:28,COMP-01,Compressor,1.798,47.45,7.359,70.97,2828.4,72.74,55.72,,0
2026-05-17 03:38:28,COMP-01,Compressor,2.132,84.03,4.854,147.58,2389.8,71.49,51.42,,0
2026-05-17 04:50:28,COMP-01,Compressor,2.786,74.78,6.223,109.49,1098.3,72.86,51.32,,0
2026-05-17 06:02:28,COMP-01,Compressor,0.77,81.81,2.289,67.37,1610.8,64.94,50.11,,0
2026-05-17 07:14:28,COMP-01,Compressor,2.511,81.16,4.83,140.04,720.4,70.52,54.83,,0
2026-05-17 08:26:28,COMP-01,Compressor,2.543,43.94,4.665,135.96,720.0,79.94,52.64,,0
2026-05-17 09:38:28,COMP-01,Compressor,1.376,80.23,7.447,175.58,1940.3,77.02,50.18,,0
2026-05-17 10:50:28,COMP-01,Compressor,1.435,42.81,6.749,59.84,2273.9,76.14,71.22,,0
2026-05-17 12:02:28,COMP-01,Compressor,9.312,44.56,2.512,114.78,2361.5,74.91,97.72,E001-BEARING_WEAR,1
2026-05-17 13:14:28,COMP-01,Compressor,2.691,89.28,5.128,112.03,1187.9,82.27,63.67,,0
2026-05-17 14:26:28,COMP-01,Compressor,2.215,70.33,3.689,189.0,1453.5,92.88,41.23,,0
2026-05-17 15:38:28,COMP-01,Compressor,1.406,54.43,4.318,117.55,1874.6,93.01,64.93,,0
2026-05-17 16:50:28,COMP-01,Compressor,1.522,45.33,4.556,137.81,1153.3,81.44,62.59,,0
2026-05-17 18:02:28,COMP-01,Compressor,1.228,40.08,4.117,135.6,968.3,86.73,60.94,,0
2026-05-17 19:14:28,COMP-01,Compressor,2.317,64.1,5.982,146.21,871.6,93.06,75.68,,0
2026-05-17 20:26:28,COMP-01,Compressor,2.176,65.42,2.109,96.33,2877.9,73.67,70.65,,0
2026-05-17 21:38:28,COMP-01,Compressor,1.687,40.83,3.987,66.44,1541.4,72.31,75.95,,0
2026-05-17 22:50:28,COMP-01,Compressor,0.882,44.18,2.474,188.14,2935.8,66.22,53.07,,0
2026-05-18 00:02:28,COMP-01,Compressor,2.031,60.24,7.442,61.87,1359.1,72.54,66.12,,0
2026-05-18 01:14:28,COMP-01,Compressor,0.688,76.18,7.429,146.65,1641.9,99.09,50.57,,0
2026-05-18 02:26:28,COMP-01,Compressor,2.771,53.75,4.676,72.29,2035.3,84.68,65.89,,0
2026-05-18 03:38:28,COMP-01,Compressor,2.427,68.37,3.092,97.73,2522.0,84.46,65.59,,0
2026-05-18 04:50:28,COMP-01,Compressor,1.669,89.15,2.779,182.64,664.4,75.93,68.68,,0
2026-05-18 06:02:28,COMP-01,Compressor,0.844,58.35,3.886,91.8,2901.3,61.04,47.44,,0
2026-05-18 07:14:28,COMP-01,Compressor,1.388,55.12,7.976,196.79,1189.7,62.48,50.31,,0
2026-05-18 08:26:28,COMP-01,Compressor,1.207,74.22,4.89,100.44,1191.2,73.01,51.08,,0
2026-05-18 09:38:28,COMP-01,Compressor,0.74,88.58,6.64,129.98,2067.3,68.43,65.18,,0
2026-05-18 10:50:28,COMP-01,Compressor,0.84,78.51,2.654,65.85,1623.9,72.56,44.83,,0
2026-05-18 12:02:28,COMP-01,Compressor,2.637,67.8,5.301,64.21,754.8,91.75,44.86,,0
2026-05-18 13:14:28,COMP-01,Compressor,1.51,40.23,3.05,125.94,1896.6,80.13,53.6,,0
2026-05-18 14:26:28,COMP-01,Compressor,2.494,81.56,2.415,177.17,2487.6,86.92,45.57,,0
2026-05-18 15:38:28,COMP-01,Compressor,1.428,66.78,6.976,57.73,1442.9,84.2,41.58,,0
2026-05-18 16:50:28,COMP-01,Compressor,1.098,122.33,6.281,85.17,1339.6,95.72,43.22,E002-OVERHEAT,1
2026-05-18 18:02:28,COMP-01,Compressor,1.514,50.02,2.092,155.54,2797.9,81.98,69.05,,0
2026-05-18 19:14:28,COMP-01,Compressor,2.635,78.99,3.286,83.2,1062.8,68.27,66.06,,0
2026-05-18 20:26:28,COMP-01,Compressor,1.777,48.39,6.114,188.35,1991.3,62.75,55.13,,0
2026-05-18 21:38:28,COMP-01,Compressor,1.783,83.23,7.803,152.33,1685.2,65.29,46.93,,0
2026-05-18 22:50:28,COMP-01,Compressor,0.8,74.03,5.179,111.97,2677.1,66.03,79.69,,0
2026-05-19 00:02:28,COMP-01,Compressor,1.795,49.74,6.704,126.58,2246.1,84.61,66.96,,0
2026-05-19 01:14:28,COMP-01,Compressor,0.832,47.31,3.933,87.13,2608.9,75.71,45.69,,0
2026-05-19 02:26:28,COMP-01,Compressor,1.786,54.04,2.901,73.6,2005.1,92.68,66.44,,0
2026-05-19 03:38:28,COMP-01,Compressor,0.79,82.56,7.342,51.45,846.0,85.89,53.15,,0
2026-05-19 04:50:28,COMP-01,Compressor,0.801,65.91,3.894,51.26,2185.3,75.18,44.03,,0
2026-05-19 06:02:28,COMP-01,Compressor,1.588,80.84,2.433,152.91,559.4,88.67,41.52,,0
2026-05-19 07:14:28,COMP-01,Compressor,1.058,83.57,4.523,183.03,1429.2,83.42,58.55,,0
2026-05-19 08:26:28,COMP-01,Compressor,1.933,75.47,4.506,67.28,552.1,14.2,72.05,E005-LOW_OIL,1
2026-05-19 09:38:28,COMP-01,Compressor,2.491,45.3,2.592,83.3,2367.1,82.32,67.51,,0
2026-05-16 10:09:28,COMP-02,Compressor,2.046,63.74,5.368,162.82,2123.3,64.59,53.84,,0
2026-05-16 11:21:28,COMP-02,Compressor,2.257,44.13,7.072,146.74,1328.2,99.09,78.95,,0
2026-05-16 12:33:28,COMP-02,Compressor,1.402,87.67,5.264,167.96,1769.1,60.81,74.93,,0
2026-05-16 13:45:28,COMP-02,Compressor,2.911,70.14,2.902,62.23,2159.0,96.67,52.41,,0
2026-05-16 14:57:28,COMP-02,Compressor,1.694,51.45,2.536,170.89,758.0,74.7,51.97,,0
2026-05-16 16:09:28,COMP-02,Compressor,1.102,43.36,5.564,116.97,2180.1,94.89,49.79,,0
2026-05-16 17:21:28,COMP-02,Compressor,1.103,71.9,2.426,183.31,530.2,74.44,52.66,,0
2026-05-16 18:33:28,COMP-02,Compressor,0.767,59.07,4.154,286.41,2248.2,60.88,73.2,E004-OVERCURRENT,1
2026-05-16 19:45:28,COMP-02,Compressor,1.06,87.79,7.239,127.86,2220.6,84.73,57.31,,0
2026-05-16 20:57:28,COMP-02,Compressor,2.756,67.5,7.981,176.73,1530.9,85.33,73.05,,0
2026-05-16 22:09:28,COMP-02,Compressor,1.486,69.59,2.374,149.37,826.8,71.67,74.04,,0
2026-05-16 23:21:28,COMP-02,Compressor,1.357,54.71,6.829,70.73,2006.3,95.46,60.49,,0
2026-05-17 00:33:28,COMP-02,Compressor,0.812,44.19,2.962,117.4,1783.4,93.24,43.67,,0
2026-05-17 01:45:28,COMP-02,Compressor,2.622,73.9,4.629,68.93,1090.0,85.81,54.49,,0
2026-05-17 02:57:28,COMP-02,Compressor,0.793,65.66,3.546,130.69,2483.5,70.01,57.71,,0
2026-05-17 04:09:28,COMP-02,Compressor,0.615,60.05,7.262,179.9,2433.8,72.43,43.46,,0
2026-05-17 05:21:28,COMP-02,Compressor,2.898,62.95,3.459,154.59,1249.9,93.12,43.22,,0
2026-05-17 06:33:28,COMP-02,Compressor,0.8,43.92,7.735,123.9,516.6,94.28,78.32,,0
2026-05-17 07:45:28,COMP-02,Compressor,2.346,47.6,3.128,69.73,565.5,99.44,64.68,,0
2026-05-17 08:57:28,COMP-02,Compressor,1.321,46.39,6.217,192.07,2992.9,96.5,43.74,,0
2026-05-17 10:09:28,COMP-02,Compressor,1.404,83.09,3.123,89.43,1173.5,98.34,53.72,,0
2026-05-17 11:21:28,COMP-02,Compressor,0.839,77.5,4.47,58.89,1193.3,86.24,68.06,,0
2026-05-17 12:33:28,COMP-02,Compressor,1.184,77.1,5.472,135.52,1441.6,75.14,63.51,,0
2026-05-17 13:45:28,COMP-02,Compressor,0.98,90.0,2.93,94.37,2470.3,80.31,61.59,,0
2026-05-17 14:57:28,COMP-02,Compressor,2.018,61.71,2.321,99.66,2936.0,76.37,62.16,,0
2026-05-17 16:09:28,COMP-02,Compressor,2.561,86.06,4.635,120.3,1260.2,14.88,50.89,E005-LOW_OIL,1
2026-05-17 17:21:28,COMP-02,Compressor,1.396,78.52,4.712,119.5,2631.2,63.62,72.3,,0
2026-05-17 18:33:28,COMP-02,Compressor,1.618,76.34,7.47,142.23,1587.4,85.58,71.66,,0
2026-05-17 19:45:28,COMP-02,Compressor,2.66,45.95,3.379,167.47,2873.1,64.01,60.33,,0
2026-05-17 20:57:28,COMP-02,Compressor,0.724,67.71,5.582,167.67,2659.3,60.49,56.55,,0
2026-05-17 22:09:28,COMP-02,Compressor,2.627,49.09,0.545,169.67,1350.8,95.21,68.05,E003-PRESSURE_LOSS,1
2026-05-17 23:21:28,COMP-02,Compressor,0.733,51.08,6.151,379.57,1953.9,78.93,61.24,E004-OVERCURRENT,1
2026-05-18 00:33:28,COMP-02,Compressor,2.311,52.53,2.237,155.99,1897.6,81.71,59.6,,0
2026-05-18 01:45:28,COMP-02,Compressor,1.645,48.63,6.042,170.09,2796.7,83.61,66.88,,0
2026-05-18 02:57:28,COMP-02,Compressor,1.712,69.86,2.528,79.83,2917.0,82.43,68.5,,0
2026-05-18 04:09:28,COMP-02,Compressor,1.089,54.94,4.369,178.09,586.8,82.85,60.67,,0
2026-05-18 05:21:28,COMP-02,Compressor,0.764,78.98,6.714,180.12,2700.3,95.12,50.57,,0
2026-05-18 06:33:28,COMP-02,Compressor,0.917,46.63,6.358,197.24,2610.9,64.15,76.45,,0
2026-05-18 07:45:28,COMP-02,Compressor,1.896,72.23,4.084,183.77,2333.0,60.85,55.11,,0
2026-05-18 08:57:28,COMP-02,Compressor,1.898,69.15,4.085,172.33,1065.7,98.52,58.19,,0
2026-05-18 10:09:28,COMP-02,Compressor,2.634,124.37,4.514,162.13,1865.3,84.13,48.82,E002-OVERHEAT,1
2026-05-18 11:21:28,COMP-02,Compressor,0.682,80.23,5.526,150.72,1042.5,68.36,76.28,,0
2026-05-18 12:33:28,COMP-02,Compressor,1.649,66.66,5.278,151.38,2669.1,87.23,72.15,,0
2026-05-18 13:45:28,COMP-02,Compressor,1.586,74.89,6.572,122.14,995.3,75.81,62.85,,0
2026-05-18 14:57:28,COMP-02,Compressor,2.145,48.78,2.076,70.58,528.4,79.86,53.87,,0
2026-05-18 16:09:28,COMP-02,Compressor,1.196,51.31,4.575,134.14,2418.6,5.53,67.0,E005-LOW_OIL,1
2026-05-18 17:21:28,COMP-02,Compressor,2.112,142.44,3.655,195.23,2872.5,92.97,43.67,E002-OVERHEAT,1
2026-05-18 18:33:28,COMP-02,Compressor,2.233,57.52,6.722,158.06,620.4,77.53,56.79,,0
2026-05-18 19:45:28,COMP-02,Compressor,2.554,52.11,5.435,155.08,977.0,77.64,56.75,,0
2026-05-18 20:57:28,COMP-02,Compressor,2.989,85.47,7.293,95.28,2686.1,95.06,43.73,,0
2026-05-18 22:09:28,COMP-02,Compressor,1.929,89.14,2.885,192.39,1622.6,97.96,46.69,,0
2026-05-18 23:21:28,COMP-02,Compressor,2.62,58.56,3.893,184.72,2702.5,82.98,50.99,,0
2026-05-19 00:33:28,COMP-02,Compressor,0.901,66.56,4.696,172.91,1854.0,78.16,71.04,,0
2026-05-19 01:45:28,COMP-02,Compressor,0.535,56.86,3.77,151.16,982.9,84.44,65.55,,0
2026-05-19 02:57:28,COMP-02,Compressor,0.682,69.37,2.083,82.36,2806.4,97.95,55.92,,0
2026-05-19 04:09:28,COMP-02,Compressor,0.794,42.68,5.806,137.05,2051.6,78.89,47.78,,0
2026-05-19 05:21:28,COMP-02,Compressor,2.372,83.86,4.61,145.97,1834.5,96.36,59.27,,0
2026-05-19 06:33:28,COMP-02,Compressor,1.94,45.63,4.481,104.79,976.2,73.78,66.22,,0
2026-05-19 07:45:28,COMP-02,Compressor,1.743,44.5,4.359,118.58,1101.8,83.33,41.95,,0
2026-05-19 08:57:28,COMP-02,Compressor,2.863,43.33,5.962,149.45,2782.2,74.41,44.32,,0
2026-05-16 10:17:28,CONV-01,Conveyor,2.143,43.48,6.446,294.98,729.4,81.22,55.05,E004-OVERCURRENT,1
2026-05-16 11:29:28,CONV-01,Conveyor,1.153,45.24,4.051,183.19,902.3,63.0,77.67,,0
2026-05-16 12:41:28,CONV-01,Conveyor,1.357,89.36,7.357,198.0,858.1,94.5,47.21,,0
2026-05-16 13:53:28,CONV-01,Conveyor,2.362,67.48,2.733,122.18,1247.0,74.42,42.08,,0
2026-05-16 15:05:28,CONV-01,Conveyor,8.499,79.97,6.259,96.61,534.2,76.32,85.29,E001-BEARING_WEAR,1
2026-05-16 16:17:28,CONV-01,Conveyor,1.707,68.45,4.629,141.7,2447.9,84.45,74.5,,0
2026-05-16 17:29:28,CONV-01,Conveyor,2.07,63.2,5.382,136.92,2202.8,11.46,65.72,E005-LOW_OIL,1
2026-05-16 18:41:28,CONV-01,Conveyor,0.89,53.25,7.338,87.48,1140.6,72.01,62.82,,0
2026-05-16 19:53:28,CONV-01,Conveyor,2.643,46.69,5.007,63.58,1409.7,60.42,49.56,,0
2026-05-16 21:05:28,CONV-01,Conveyor,1.552,83.74,6.186,114.34,2846.1,79.28,70.75,,0
2026-05-16 22:17:28,CONV-01,Conveyor,2.359,84.52,6.932,169.14,645.8,84.68,61.16,,0
2026-05-16 23:29:28,CONV-01,Conveyor,2.493,52.46,7.965,131.55,548.8,75.3,68.53,,0
2026-05-17 00:41:28,CONV-01,Conveyor,11.332,88.27,3.62,171.23,1845.4,79.34,91.02,E006-VIBRATION_HIGH,1
2026-05-17 01:53:28,CONV-01,Conveyor,2.427,52.44,5.0,152.89,1346.1,98.79,70.38,,0
2026-05-17 03:05:28,CONV-01,Conveyor,2.275,73.71,7.363,130.09,2693.7,76.9,40.51,,0
2026-05-17 04:17:28,CONV-01,Conveyor,0.835,53.22,4.195,110.49,613.1,62.05,62.47,,0
2026-05-17 05:29:28,CONV-01,Conveyor,0.815,71.22,5.512,156.82,1452.3,17.11,51.8,E005-LOW_OIL,1
2026-05-17 06:41:28,CONV-01,Conveyor,2.455,56.29,3.682,167.88,1412.5,97.28,47.99,,0
2026-05-17 07:53:28,CONV-01,Conveyor,6.829,73.92,4.92,150.07,613.5,75.81,108.47,E001-BEARING_WEAR,1
2026-05-17 09:05:28,CONV-01,Conveyor,2.167,88.66,3.416,115.12,537.7,91.78,63.39,,0
2026-05-17 10:17:28,CONV-01,Conveyor,1.203,69.88,7.057,150.88,1214.4,60.33,44.3,,0
2026-05-17 11:29:28,CONV-01,Conveyor,2.523,44.6,7.084,171.33,806.3,97.69,42.03,,0
2026-05-17 12:41:28,CONV-01,Conveyor,1.666,72.44,3.851,103.95,2707.0,78.64,72.11,,0
2026-05-17 13:53:28,CONV-01,Conveyor,1.699,79.07,4.064,134.85,1304.0,70.82,41.04,,0
2026-05-17 15:05:28,CONV-01,Conveyor,1.704,50.97,4.465,71.41,1956.6,90.7,64.93,,0
2026-05-17 16:17:28,CONV-01,Conveyor,10.912,50.82,4.905,158.69,2941.5,80.99,90.29,E001-BEARING_WEAR,1
2026-05-17 17:29:28,CONV-01,Conveyor,1.105,53.27,3.375,175.24,2590.8,74.24,71.16,,0
2026-05-17 18:41:28,CONV-01,Conveyor,2.365,78.31,5.459,151.17,2256.4,77.08,44.16,,0
2026-05-17 19:53:28,CONV-01,Conveyor,2.121,66.6,3.613,78.2,671.2,65.46,44.41,,0
2026-05-17 21:05:28,CONV-01,Conveyor,2.257,80.98,2.572,146.34,593.4,92.33,55.26,,0
2026-05-17 22:17:28,CONV-01,Conveyor,2.728,49.82,6.401,143.99,2318.6,95.68,73.98,,0
2026-05-17 23:29:28,CONV-01,Conveyor,1.419,51.04,7.744,121.73,1637.4,99.55,54.94,,0
2026-05-18 00:41:28,CONV-01,Conveyor,2.775,74.59,3.042,172.29,758.9,86.3,64.25,,0
2026-05-18 01:53:28,CONV-01,Conveyor,0.867,48.32,7.535,127.5,1513.6,98.77,65.5,,0
2026-05-18 03:05:28,CONV-01,Conveyor,0.609,59.34,4.24,162.1,1392.7,62.7,49.65,,0
2026-05-18 04:17:28,CONV-01,Conveyor,1.606,50.86,7.38,71.0,807.9,89.2,54.06,,0
2026-05-18 05:29:28,CONV-01,Conveyor,1.573,79.55,3.487,146.69,1120.4,84.04,68.85,,0
2026-05-18 06:41:28,CONV-01,Conveyor,2.368,50.7,6.968,90.67,1905.0,70.86,44.37,,0
2026-05-18 07:53:28,CONV-01,Conveyor,1.033,74.27,7.014,80.84,2571.9,95.15,69.66,,0
2026-05-18 09:05:28,CONV-01,Conveyor,1.577,81.18,5.906,139.16,1251.1,84.13,67.81,,0
2026-05-18 10:17:28,CONV-01,Conveyor,1.425,76.08,6.661,135.14,712.4,6.0,46.3,E005-LOW_OIL,1
2026-05-18 11:29:28,CONV-01,Conveyor,0.701,88.21,7.247,69.95,2650.7,64.75,79.71,,0
2026-05-18 12:41:28,CONV-01,Conveyor,1.905,84.48,5.682,103.52,2163.8,92.58,55.14,,0
2026-05-18 13:53:28,CONV-01,Conveyor,2.382,45.13,0.853,92.65,1696.8,73.63,78.62,E003-PRESSURE_LOSS,1
2026-05-18 15:05:28,CONV-01,Conveyor,6.941,69.27,5.809,123.76,728.1,73.92,86.5,E006-VIBRATION_HIGH,1
2026-05-18 16:17:28,CONV-01,Conveyor,2.034,63.19,7.74,180.24,2101.5,97.14,56.87,,0
2026-05-18 17:29:28,CONV-01,Conveyor,2.045,41.51,7.334,131.84,2104.8,72.08,49.8,,0
2026-05-18 18:41:28,CONV-01,Conveyor,2.46,47.71,4.338,104.11,728.8,97.72,57.79,,0
2026-05-18 19:53:28,CONV-01,Conveyor,0.96,61.2,4.515,162.83,1412.7,76.02,58.03,,0
2026-05-18 21:05:28,CONV-01,Conveyor,1.624,61.48,2.027,82.22,1195.9,88.15,71.84,,0
2026-05-18 22:17:28,CONV-01,Conveyor,0.927,41.76,4.141,187.29,2660.6,78.69,74.84,,0
2026-05-18 23:29:28,CONV-01,Conveyor,1.722,76.18,6.438,119.12,2331.9,74.09,45.6,,0
2026-05-19 00:41:28,CONV-01,Conveyor,1.88,82.83,5.118,187.57,530.9,88.02,63.5,,0
2026-05-19 01:53:28,CONV-01,Conveyor,2.906,76.75,2.716,56.1,1197.8,70.57,46.44,,0
2026-05-19 03:05:28,CONV-01,Conveyor,1.712,49.76,4.304,134.24,2132.7,76.37,59.67,,0
2026-05-19 04:17:28,CONV-01,Conveyor,1.261,75.24,5.62,82.25,2641.4,65.93,68.45,,0
2026-05-19 05:29:28,CONV-01,Conveyor,0.71,69.31,7.505,61.25,2992.9,67.91,65.84,,0
2026-05-19 06:41:28,CONV-01,Conveyor,2.286,74.33,7.527,69.9,2276.0,99.01,47.11,,0
2026-05-19 07:53:28,CONV-01,Conveyor,0.952,74.64,5.748,185.4,2303.0,61.75,54.57,,0
2026-05-19 09:05:28,CONV-01,Conveyor,2.137,68.6,4.838,75.83,1507.4,84.73,67.23,,0
2026-05-16 10:11:28,CONV-02,Conveyor,2.29,87.18,2.222,80.24,2477.8,95.43,52.62,,0
2026-05-16 11:23:28,CONV-02,Conveyor,2.148,40.79,5.193,111.7,541.8,88.89,61.43,,0
2026-05-16 12:35:28,CONV-02,Conveyor,1.727,42.73,2.023,63.14,2559.7,85.0,59.21,,0
2026-05-16 13:47:28,CONV-02,Conveyor,2.275,62.19,3.004,134.81,2489.7,68.82,41.31,,0
2026-05-16 14:59:28,CONV-02,Conveyor,10.823,57.59,4.722,95.99,1076.3,88.85,103.34,E006-VIBRATION_HIGH,1
2026-05-16 16:11:28,CONV-02,Conveyor,2.615,40.28,4.798,190.62,599.9,97.15,63.88,,0
2026-05-16 17:23:28,CONV-02,Conveyor,2.671,42.98,2.886,155.7,854.1,64.44,61.05,,0
2026-05-16 18:35:28,CONV-02,Conveyor,2.739,82.58,4.754,82.73,1255.4,80.83,64.94,,0
2026-05-16 19:47:28,CONV-02,Conveyor,1.96,51.64,2.958,87.18,1102.9,81.35,71.65,,0
2026-05-16 20:59:28,CONV-02,Conveyor,1.817,52.77,2.361,80.1,2241.3,70.85,58.6,,0
2026-05-16 22:11:28,CONV-02,Conveyor,0.96,70.84,3.516,67.19,2177.4,82.69,42.18,,0
2026-05-16 23:23:28,CONV-02,Conveyor,0.916,70.63,5.379,146.75,2116.9,98.67,53.26,,0
2026-05-17 00:35:28,CONV-02,Conveyor,0.67,66.65,6.317,77.62,2598.8,65.82,41.18,,0
2026-05-17 01:47:28,CONV-02,Conveyor,1.642,58.45,3.75,167.68,2348.9,69.7,54.73,,0
2026-05-17 02:59:28,CONV-02,Conveyor,0.826,82.62,6.73,184.12,2405.6,61.84,65.05,,0
2026-05-17 04:11:28,CONV-02,Conveyor,2.683,42.61,4.884,105.68,2835.7,88.46,60.64,,0
2026-05-17 05:23:28,CONV-02,Conveyor,1.064,73.82,6.046,252.8,2614.4,82.29,43.61,E004-OVERCURRENT,1
2026-05-17 06:35:28,CONV-02,Conveyor,1.467,81.95,4.525,131.95,931.9,78.84,79.49,,0
2026-05-17 07:47:28,CONV-02,Conveyor,1.929,88.96,6.116,172.13,2302.0,92.16,62.21,,0
2026-05-17 08:59:28,CONV-02,Conveyor,2.402,65.75,2.637,86.26,806.3,77.98,45.64,,0
2026-05-17 10:11:28,CONV-02,Conveyor,1.497,77.44,4.052,133.18,946.2,72.55,48.74,,0
2026-05-17 11:23:28,CONV-02,Conveyor,9.306,53.99,6.142,82.59,1611.7,69.44,107.25,E006-VIBRATION_HIGH,1
2026-05-17 12:35:28,CONV-02,Conveyor,2.224,58.09,0.697,65.88,1589.2,76.02,43.15,E003-PRESSURE_LOSS,1
2026-05-17 13:47:28,CONV-02,Conveyor,2.025,58.19,7.508,108.11,2436.2,87.16,42.09,,0
2026-05-17 14:59:28,CONV-02,Conveyor,2.306,78.08,3.921,80.47,1282.3,61.83,74.56,,0
2026-05-17 16:11:28,CONV-02,Conveyor,0.675,49.67,4.915,99.25,2148.6,87.74,46.1,,0
2026-05-17 17:23:28,CONV-02,Conveyor,0.713,52.41,5.348,309.12,1990.3,84.74,71.03,E004-OVERCURRENT,1
2026-05-17 18:35:28,CONV-02,Conveyor,2.032,40.58,7.606,125.84,1673.2,79.83,46.62,,0
2026-05-17 19:47:28,CONV-02,Conveyor,2.91,89.09,6.105,163.58,850.9,66.37,62.65,,0
2026-05-17 20:59:28,CONV-02,Conveyor,2.73,77.84,5.186,52.69,510.3,89.34,49.05,,0
2026-05-17 22:11:28,CONV-02,Conveyor,0.625,80.66,7.245,177.84,1400.5,87.07,57.04,,0
2026-05-17 23:23:28,CONV-02,Conveyor,2.215,86.16,7.327,165.48,2225.7,85.55,77.63,,0
2026-05-18 00:35:28,CONV-02,Conveyor,2.759,72.32,0.361,116.12,1948.9,89.29,43.61,E003-PRESSURE_LOSS,1
2026-05-18 01:47:28,CONV-02,Conveyor,0.831,40.83,5.136,186.4,2210.9,93.06,64.22,,0
2026-05-18 02:59:28,CONV-02,Conveyor,1.062,54.43,6.684,134.85,2431.4,79.81,60.43,,0
2026-05-18 04:11:28,CONV-02,Conveyor,1.607,141.65,7.94,95.81,2052.6,84.39,69.6,E002-OVERHEAT,1
2026-05-18 05:23:28,CONV-02,Conveyor,1.943,79.98,5.221,104.87,992.7,64.56,66.83,,0
2026-05-18 06:35:28,CONV-02,Conveyor,0.865,41.92,7.504,120.87,2577.8,90.35,58.76,,0
2026-05-18 07:47:28,CONV-02,Conveyor,1.599,87.82,4.034,78.02,2230.2,74.69,71.89,,0
2026-05-18 08:59:28,CONV-02,Conveyor,1.263,63.56,3.991,161.0,1029.7,81.86,70.01,,0
2026-05-18 10:11:28,CONV-02,Conveyor,0.63,120.77,3.345,60.29,2893.2,61.61,41.24,E002-OVERHEAT,1
2026-05-18 11:23:28,CONV-02,Conveyor,2.687,47.07,2.251,135.91,1485.2,81.9,43.41,,0
2026-05-18 12:35:28,CONV-02,Conveyor,1.514,61.39,3.968,110.12,738.5,99.27,59.1,,0
2026-05-18 13:47:28,CONV-02,Conveyor,1.628,60.22,3.898,108.43,795.8,60.24,68.81,,0
2026-05-18 14:59:28,CONV-02,Conveyor,0.65,57.78,2.924,130.45,768.5,79.51,52.67,,0
2026-05-18 16:11:28,CONV-02,Conveyor,0.971,70.25,5.008,193.66,1626.3,92.44,73.5,,0
2026-05-18 17:23:28,CONV-02,Conveyor,2.375,74.74,7.264,118.2,1720.1,83.28,74.76,,0
2026-05-18 18:35:28,CONV-02,Conveyor,0.551,47.62,0.234,150.42,1909.9,68.72,67.98,E003-PRESSURE_LOSS,1
2026-05-18 19:47:28,CONV-02,Conveyor,2.259,57.58,5.406,71.32,2870.9,93.47,72.42,,0
2026-05-18 20:59:28,CONV-02,Conveyor,2.948,54.23,3.951,126.57,2436.9,77.88,43.14,,0
2026-05-18 22:11:28,CONV-02,Conveyor,1.309,52.04,5.274,106.26,1875.6,89.78,54.4,,0
2026-05-18 23:23:28,CONV-02,Conveyor,1.097,52.22,7.548,67.4,2030.7,62.2,66.64,,0
2026-05-19 00:35:28,CONV-02,Conveyor,1.321,73.72,5.202,193.12,2067.0,5.72,59.52,E005-LOW_OIL,1
2026-05-19 01:47:28,CONV-02,Conveyor,1.638,62.64,6.203,123.8,1301.6,66.09,78.79,,0
2026-05-19 02:59:28,CONV-02,Conveyor,2.269,66.27,7.742,128.09,2465.6,66.37,61.72,,0
2026-05-19 04:11:28,CONV-02,Conveyor,1.761,53.64,6.853,99.6,2327.8,85.93,68.74,,0
2026-05-19 05:23:28,CONV-02,Conveyor,2.069,64.81,5.065,58.32,2648.4,66.68,46.29,,0
2026-05-19 06:35:28,CONV-02,Conveyor,2.255,85.64,6.544,170.3,2564.0,90.47,67.21,,0
2026-05-19 07:47:28,CONV-02,Conveyor,10.417,49.55,3.448,110.96,1887.9,69.61,104.2,E006-VIBRATION_HIGH,1
2026-05-19 08:59:28,CONV-02,Conveyor,1.239,85.35,4.428,160.51,1957.6,99.79,72.64,,0
2026-05-16 10:20:28,PUMP-01,Pump,2.418,78.21,3.737,68.0,1743.5,19.07,45.17,E005-LOW_OIL,1
2026-05-16 11:32:28,PUMP-01,Pump,0.966,77.45,7.234,93.42,593.7,71.94,64.11,,0
2026-05-16 12:44:28,PUMP-01,Pump,0.626,58.02,3.195,105.25,1660.5,75.88,76.92,,0
2026-05-16 13:56:28,PUMP-01,Pump,2.555,77.13,4.455,88.14,989.8,64.83,74.09,,0
2026-05-16 15:08:28,PUMP-01,Pump,0.795,84.99,4.01,114.4,1809.6,70.52,79.0,,0
2026-05-16 16:20:28,PUMP-01,Pump,1.532,50.19,5.011,141.72,1679.0,93.94,69.1,,0
2026-05-16 17:32:28,PUMP-01,Pump,1.747,84.14,4.874,63.16,1457.5,76.77,65.71,,0
2026-05-16 18:44:28,PUMP-01,Pump,1.275,59.91,6.892,121.01,591.6,85.88,51.44,,0
2026-05-16 19:56:28,PUMP-01,Pump,1.856,71.84,6.262,164.12,1905.7,83.31,77.71,,0
2026-05-16 21:08:28,PUMP-01,Pump,1.533,84.78,4.751,162.18,1951.9,80.22,65.49,,0
2026-05-16 22:20:28,PUMP-01,Pump,0.537,50.86,4.521,167.86,1746.0,74.86,67.88,,0
2026-05-16 23:32:28,PUMP-01,Pump,2.873,74.82,5.241,330.42,2316.5,95.42,66.2,E004-OVERCURRENT,1
2026-05-17 00:44:28,PUMP-01,Pump,0.836,84.66,5.784,130.1,1289.3,79.46,50.04,,0
2026-05-17 01:56:28,PUMP-01,Pump,0.69,70.26,5.683,139.34,2922.3,73.06,65.36,,0
2026-05-17 03:08:28,PUMP-01,Pump,0.508,50.9,2.438,113.55,2251.0,81.65,42.41,,0
2026-05-17 04:20:28,PUMP-01,Pump,1.217,65.11,6.187,114.59,2849.3,67.17,76.72,,0
2026-05-17 05:32:28,PUMP-01,Pump,2.079,80.63,5.473,165.38,1031.9,61.47,50.42,,0
2026-05-17 06:44:28,PUMP-01,Pump,1.793,81.13,3.555,105.78,2374.4,94.94,69.32,,0
2026-05-17 07:56:28,PUMP-01,Pump,2.457,58.06,7.665,158.13,1739.5,84.67,58.31,,0
2026-05-17 09:08:28,PUMP-01,Pump,2.102,53.83,4.157,151.94,1328.9,79.2,57.81,,0
2026-05-17 10:20:28,PUMP-01,Pump,0.957,78.21,5.067,109.68,2375.4,65.13,61.03,,0
2026-05-17 11:32:28,PUMP-01,Pump,1.085,85.82,5.457,136.62,2431.3,92.74,49.48,,0
2026-05-17 12:44:28,PUMP-01,Pump,2.572,85.14,3.213,130.5,911.3,94.18,57.67,,0
2026-05-17 13:56:28,PUMP-01,Pump,2.643,80.5,4.425,97.94,849.8,61.02,59.89,,0
2026-05-17 15:08:28,PUMP-01,Pump,0.532,44.45,2.663,136.12,1735.3,97.98,71.18,,0
2026-05-17 16:20:28,PUMP-01,Pump,2.925,136.4,5.088,198.22,2144.2,81.7,56.53,E002-OVERHEAT,1
2026-05-17 17:32:28,PUMP-01,Pump,1.603,50.93,4.551,160.4,2134.2,69.9,74.99,,0
2026-05-17 18:44:28,PUMP-01,Pump,1.799,62.25,2.048,101.54,801.5,94.41,67.76,,0
2026-05-17 19:56:28,PUMP-01,Pump,1.025,76.88,6.135,179.16,2025.7,77.13,64.65,,0
2026-05-17 21:08:28,PUMP-01,Pump,2.641,49.8,6.8,160.78,1682.5,60.39,56.86,,0
2026-05-17 22:20:28,PUMP-01,Pump,2.726,40.33,7.906,82.22,1287.3,90.86,77.73,,0
2026-05-17 23:32:28,PUMP-01,Pump,0.741,77.23,3.559,104.05,1893.7,92.4,53.77,,0
2026-05-18 00:44:28,PUMP-01,Pump,1.305,84.07,4.512,141.35,2231.3,69.93,55.91,,0
2026-05-18 01:56:28,PUMP-01,Pump,1.462,88.75,3.483,199.18,997.9,89.41,43.76,,0
2026-05-18 03:08:28,PUMP-01,Pump,2.829,59.49,3.376,160.64,1607.9,65.06,61.07,,0
2026-05-18 04:20:28,PUMP-01,Pump,1.326,63.62,6.087,70.62,2911.3,99.12,46.32,,0
2026-05-18 05:32:28,PUMP-01,Pump,0.698,71.27,5.1,169.99,2033.0,87.76,50.87,,0
2026-05-18 06:44:28,PUMP-01,Pump,2.565,68.58,2.716,151.0,631.7,68.93,60.63,,0
2026-05-18 07:56:28,PUMP-01,Pump,2.235,89.93,3.201,70.36,685.1,66.91,68.53,,0
2026-05-18 09:08:28,PUMP-01,Pump,2.927,55.81,0.506,120.34,2078.5,91.85,63.66,E003-PRESSURE_LOSS,1
2026-05-18 10:20:28,PUMP-01,Pump,1.541,66.5,4.331,88.25,1325.7,63.16,57.99,,0
2026-05-18 11:32:28,PUMP-01,Pump,2.084,80.0,5.286,106.08,765.8,95.88,59.7,,0
2026-05-18 12:44:28,PUMP-01,Pump,0.701,41.99,4.592,98.35,1125.9,16.74,78.48,E005-LOW_OIL,1
2026-05-18 13:56:28,PUMP-01,Pump,2.03,89.59,4.385,80.55,1880.3,82.3,47.15,,0
2026-05-18 15:08:28,PUMP-01,Pump,1.108,71.05,2.886,174.87,1219.2,73.73,72.17,,0
2026-05-18 16:20:28,PUMP-01,Pump,2.028,46.43,2.58,105.98,2967.0,82.31,54.62,,0
2026-05-18 17:32:28,PUMP-01,Pump,0.839,40.34,4.374,176.24,1449.7,94.49,57.61,,0
2026-05-18 18:44:28,PUMP-01,Pump,1.937,61.15,4.92,130.61,2797.9,97.23,46.93,,0
2026-05-18 19:56:28,PUMP-01,Pump,6.678,80.75,3.418,71.97,993.2,84.1,108.64,E006-VIBRATION_HIGH,1
2026-05-18 21:08:28,PUMP-01,Pump,1.457,80.67,7.247,146.24,2192.8,62.74,62.53,,0
2026-05-18 22:20:28,PUMP-01,Pump,1.631,70.81,6.053,134.28,1060.8,85.88,55.56,,0
2026-05-18 23:32:28,PUMP-01,Pump,0.924,53.45,3.61,71.89,918.0,71.04,51.99,,0
2026-05-19 00:44:28,PUMP-01,Pump,1.361,81.88,3.552,174.63,726.0,61.1,41.99,,0
2026-05-19 01:56:28,PUMP-01,Pump,1.794,85.68,2.707,166.24,2260.1,68.58,64.48,,0
2026-05-19 03:08:28,PUMP-01,Pump,1.539,123.59,6.719,181.47,1414.6,80.07,50.9,E002-OVERHEAT,1
2026-05-19 04:20:28,PUMP-01,Pump,2.203,52.1,4.933,116.92,2901.3,78.98,62.05,,0
2026-05-19 05:32:28,PUMP-01,Pump,0.658,88.36,6.914,78.48,2208.1,90.63,46.17,,0
2026-05-19 06:44:28,PUMP-01,Pump,1.966,78.16,5.899,146.47,1275.4,77.5,78.14,,0
2026-05-19 07:56:28,PUMP-01,Pump,2.592,40.81,7.577,73.7,1641.3,99.67,57.11,,0
2026-05-19 09:08:28,PUMP-01,Pump,0.995,45.74,0.576,72.35,1164.1,65.69,42.39,E003-PRESSURE_LOSS,1
2026-05-16 10:18:28,PUMP-02,Pump,2.336,81.72,2.468,82.39,1798.7,64.05,49.24,,0
2026-05-16 11:30:28,PUMP-02,Pump,2.99,64.51,6.501,74.73,2767.2,92.48,40.76,,0
2026-05-16 12:42:28,PUMP-02,Pump,2.433,84.71,6.045,67.3,2351.9,60.1,74.35,,0
2026-05-16 13:54:28,PUMP-02,Pump,13.545,80.1,3.314,78.52,1126.6,90.22,99.59,E006-VIBRATION_HIGH,1
2026-05-16 15:06:28,PUMP-02,Pump,1.04,159.39,3.971,72.13,2751.3,60.11,74.34,E002-OVERHEAT,1
2026-05-16 16:18:28,PUMP-02,Pump,1.399,72.75,7.854,63.03,1189.8,75.98,66.79,,0
2026-05-16 17:30:28,PUMP-02,Pump,2.491,45.67,3.54,158.6,561.8,80.67,70.82,,0
2026-05-16 18:42:28,PUMP-02,Pump,2.323,88.19,4.247,183.7,1621.3,96.68,55.1,,0
2026-05-16 19:54:28,PUMP-02,Pump,1.053,58.71,4.778,151.93,2226.1,66.03,79.91,,0
2026-05-16 21:06:28,PUMP-02,Pump,2.235,75.32,2.385,301.24,1856.5,76.63,48.27,E004-OVERCURRENT,1
2026-05-16 22:18:28,PUMP-02,Pump,2.952,77.26,2.107,110.52,589.6,81.96,73.04,,0
2026-05-16 23:30:28,PUMP-02,Pump,1.245,84.35,7.792,180.07,2119.9,98.3,40.45,,0
2026-05-17 00:42:28,PUMP-02,Pump,1.494,88.41,6.949,124.21,1307.2,71.34,61.89,,0
2026-05-17 01:54:28,PUMP-02,Pump,0.704,62.16,0.444,141.06,1535.5,68.62,60.49,E003-PRESSURE_LOSS,1
2026-05-17 03:06:28,PUMP-02,Pump,0.862,49.53,5.596,294.84,841.3,62.79,70.91,E004-OVERCURRENT,1
2026-05-17 04:18:28,PUMP-02,Pump,2.58,133.38,6.3,126.33,1183.6,93.39,79.21,E002-OVERHEAT,1
2026-05-17 05:30:28,PUMP-02,Pump,2.659,44.06,7.691,165.65,1161.6,68.43,62.89,,0
2026-05-17 06:42:28,PUMP-02,Pump,0.849,87.31,3.826,298.86,743.0,95.49,45.43,E004-OVERCURRENT,1
2026-05-17 07:54:28,PUMP-02,Pump,2.834,76.06,3.139,73.9,2989.9,78.67,75.16,,0
2026-05-17 09:06:28,PUMP-02,Pump,1.932,53.39,5.259,198.63,1855.1,90.27,70.4,,0
2026-05-17 10:18:28,PUMP-02,Pump,0.994,69.03,7.709,103.57,2178.2,69.38,51.41,,0
2026-05-17 11:30:28,PUMP-02,Pump,1.443,64.18,3.46,100.95,2439.0,87.26,75.86,,0
2026-05-17 12:42:28,PUMP-02,Pump,1.802,62.51,3.004,178.13,812.6,69.39,50.07,,0
2026-05-17 13:54:28,PUMP-02,Pump,2.837,67.43,2.811,192.27,1848.2,83.63,58.26,,0
2026-05-17 15:06:28,PUMP-02,Pump,2.956,44.22,5.877,55.87,2269.1,99.64,60.96,,0
2026-05-17 16:18:28,PUMP-02,Pump,2.562,147.95,6.839,161.98,1346.8,64.61,78.52,E002-OVERHEAT,1
2026-05-17 17:30:28,PUMP-02,Pump,1.061,89.26,6.752,85.51,1735.1,74.44,62.89,,0
2026-05-17 18:42:28,PUMP-02,Pump,1.025,77.07,6.356,81.76,2764.1,94.06,45.7,,0
2026-05-17 19:54:28,PUMP-02,Pump,1.527,52.18,2.767,138.85,836.8,80.51,75.63,,0
2026-05-17 21:06:28,PUMP-02,Pump,8.72,87.16,3.968,141.51,2119.1,85.42,93.43,E006-VIBRATION_HIGH,1
2026-05-17 22:18:28,PUMP-02,Pump,2.241,44.84,6.009,171.23,1535.0,90.26,49.1,,0
2026-05-17 23:30:28,PUMP-02,Pump,11.308,75.35,6.218,118.1,2218.5,96.96,104.51,E006-VIBRATION_HIGH,1
2026-05-18 00:42:28,PUMP-02,Pump,1.249,78.29,6.788,139.55,2491.9,81.93,47.54,,0
2026-05-18 01:54:28,PUMP-02,Pump,2.743,77.18,4.848,88.88,1118.1,14.69,70.63,E005-LOW_OIL,1
2026-05-18 03:06:28,PUMP-02,Pump,0.652,59.36,5.135,194.84,2217.7,97.45,62.91,,0
2026-05-18 04:18:28,PUMP-02,Pump,1.697,60.54,4.457,136.24,813.3,72.68,42.97,,0
2026-05-18 05:30:28,PUMP-02,Pump,1.932,53.08,4.157,85.45,2169.5,78.62,46.39,,0
2026-05-18 06:42:28,PUMP-02,Pump,1.039,81.23,3.143,100.69,2392.9,61.86,65.33,,0
2026-05-18 07:54:28,PUMP-02,Pump,1.952,48.56,5.747,185.3,1344.0,96.96,41.65,,0
2026-05-18 09:06:28,PUMP-02,Pump,1.276,62.6,2.341,174.75,691.8,16.88,74.21,E005-LOW_OIL,1
2026-05-18 10:18:28,PUMP-02,Pump,2.347,66.33,5.972,181.46,2045.1,83.89,46.17,,0
2026-05-18 11:30:28,PUMP-02,Pump,2.397,58.81,6.428,96.13,1013.0,99.32,56.79,,0
2026-05-18 12:42:28,PUMP-02,Pump,1.961,40.37,7.997,194.97,2598.4,82.46,63.75,,0
2026-05-18 13:54:28,PUMP-02,Pump,2.736,87.75,3.61,159.96,1431.6,73.71,44.55,,0
2026-05-18 15:06:28,PUMP-02,Pump,1.811,55.97,5.389,99.02,2244.4,66.13,66.95,,0
2026-05-18 16:18:28,PUMP-02,Pump,2.143,45.18,5.491,163.5,833.5,74.09,53.54,,0
2026-05-18 17:30:28,PUMP-02,Pump,1.212,87.06,2.161,177.06,2689.6,68.22,64.28,,0
2026-05-18 18:42:28,PUMP-02,Pump,2.508,75.7,5.934,83.68,1120.7,96.63,52.8,,0
2026-05-18 19:54:28,PUMP-02,Pump,1.903,89.85,5.145,86.35,1165.6,77.2,67.39,,0
2026-05-18 21:06:28,PUMP-02,Pump,0.944,85.08,5.599,181.66,1828.6,90.1,43.73,,0
2026-05-18 22:18:28,PUMP-02,Pump,2.804,60.89,7.026,190.09,590.8,93.45,71.52,,0
2026-05-18 23:30:28,PUMP-02,Pump,0.643,73.56,4.437,126.96,2374.7,66.4,41.25,,0
2026-05-19 00:42:28,PUMP-02,Pump,2.556,85.96,5.068,135.6,1929.0,63.77,58.41,,0
2026-05-19 01:54:28,PUMP-02,Pump,0.658,72.75,2.074,180.25,1812.0,89.74,68.95,,0
2026-05-19 03:06:28,PUMP-02,Pump,1.535,144.65,4.392,159.44,1281.4,72.5,50.2,E002-OVERHEAT,1
2026-05-19 04:18:28,PUMP-02,Pump,2.908,81.08,6.02,159.39,1339.4,60.46,48.39,,0
2026-05-19 05:30:28,PUMP-02,Pump,2.84,40.34,4.301,117.01,1167.5,73.19,63.3,,0
2026-05-19 06:42:28,PUMP-02,Pump,1.054,78.96,0.682,144.98,1826.5,67.76,71.05,E003-PRESSURE_LOSS,1
2026-05-19 07:54:28,PUMP-02,Pump,2.815,59.65,6.991,98.94,1631.9,69.34,77.74,,0
2026-05-19 09:06:28,PUMP-02,Pump,2.518,60.3,4.721,153.29,895.2,76.62,58.58,,0
2026-05-16 10:04:28,RM-01,Rolling Mill,0.972,59.59,5.877,167.57,2484.4,69.57,55.44,,0
2026-05-16 11:16:28,RM-01,Rolling Mill,2.14,87.61,5.909,78.25,1793.2,69.61,42.27,,0
2026-05-16 12:28:28,RM-01,Rolling Mill,2.651,62.15,3.353,145.07,2273.9,74.71,63.54,,0
2026-05-16 13:40:28,RM-01,Rolling Mill,1.777,79.84,6.177,153.94,617.4,75.26,56.66,,0
2026-05-16 14:52:28,RM-01,Rolling Mill,1.811,68.43,3.042,181.28,1001.8,62.31,41.32,,0
2026-05-16 16:04:28,RM-01,Rolling Mill,1.283,51.93,2.702,106.0,853.4,75.54,63.86,,0
2026-05-16 17:16:28,RM-01,Rolling Mill,2.057,75.04,4.513,184.79,1779.0,84.71,51.31,,0
2026-05-16 18:28:28,RM-01,Rolling Mill,2.481,67.5,5.028,148.63,1834.8,84.0,77.34,,0
2026-05-16 19:40:28,RM-01,Rolling Mill,1.898,64.19,7.931,136.65,2435.5,75.93,45.52,,0
2026-05-16 20:52:28,RM-01,Rolling Mill,1.811,52.05,5.719,87.86,1386.1,91.8,43.16,,0
2026-05-16 22:04:28,RM-01,Rolling Mill,1.665,65.87,2.77,174.36,1878.3,83.51,70.71,,0
2026-05-16 23:16:28,RM-01,Rolling Mill,2.776,80.84,7.308,189.57,1537.2,75.86,54.96,,0
2026-05-17 00:28:28,RM-01,Rolling Mill,1.529,64.77,0.359,110.07,2401.2,61.47,43.52,E003-PRESSURE_LOSS,1
2026-05-17 01:40:28,RM-01,Rolling Mill,1.401,44.12,5.987,147.34,629.5,85.02,69.04,,0
2026-05-17 02:52:28,RM-01,Rolling Mill,2.735,66.98,5.923,72.29,1481.2,95.66,63.58,,0
2026-05-17 04:04:28,RM-01,Rolling Mill,1.352,81.27,6.9,176.65,1329.9,90.7,64.0,,0
2026-05-17 05:16:28,RM-01,Rolling Mill,2.696,76.4,6.928,192.09,1041.5,84.26,58.86,,0
2026-05-17 06:28:28,RM-01,Rolling Mill,1.379,68.9,0.192,148.51,1060.6,64.33,73.81,E003-PRESSURE_LOSS,1
2026-05-17 07:40:28,RM-01,Rolling Mill,1.402,142.26,6.248,68.99,613.8,62.18,51.69,E002-OVERHEAT,1
2026-05-17 08:52:28,RM-01,Rolling Mill,2.825,77.02,5.096,132.79,1327.5,77.05,58.48,,0
2026-05-17 10:04:28,RM-01,Rolling Mill,2.837,51.27,7.685,127.83,1210.1,63.15,47.85,,0
2026-05-17 11:16:28,RM-01,Rolling Mill,1.558,86.98,2.195,102.09,2651.0,91.04,58.29,,0
2026-05-17 12:28:28,RM-01,Rolling Mill,2.646,42.39,2.594,74.5,1038.7,70.17,73.56,,0
2026-05-17 13:40:28,RM-01,Rolling Mill,0.611,61.95,5.239,163.16,2440.2,65.61,79.74,,0
2026-05-17 14:52:28,RM-01,Rolling Mill,2.767,69.59,0.403,62.59,1571.5,94.67,47.27,E003-PRESSURE_LOSS,1
2026-05-17 16:04:28,RM-01,Rolling Mill,9.886,62.74,6.037,150.85,1961.4,92.9,95.2,E001-BEARING_WEAR,1
2026-05-17 17:16:28,RM-01,Rolling Mill,1.529,57.55,6.078,140.84,1942.1,85.99,61.54,,0
2026-05-17 18:28:28,RM-01,Rolling Mill,2.863,89.38,3.795,361.08,2225.8,78.27,52.08,E004-OVERCURRENT,1
2026-05-17 19:40:28,RM-01,Rolling Mill,0.823,65.14,7.209,174.71,1795.3,72.16,46.48,,0
2026-05-17 20:52:28,RM-01,Rolling Mill,1.539,68.2,5.353,150.92,1270.4,60.87,50.18,,0
2026-05-17 22:04:28,RM-01,Rolling Mill,1.363,79.63,7.323,50.99,2705.1,77.6,49.2,,0
2026-05-17 23:16:28,RM-01,Rolling Mill,2.831,41.2,5.249,145.39,2233.7,60.38,53.4,,0
2026-05-18 00:28:28,RM-01,Rolling Mill,2.378,89.5,5.293,146.7,682.9,86.87,50.03,,0
2026-05-18 01:40:28,RM-01,Rolling Mill,2.081,71.39,4.251,61.33,2486.5,90.76,56.11,,0
2026-05-18 02:52:28,RM-01,Rolling Mill,2.476,74.47,2.471,161.82,1364.6,63.91,49.29,,0
2026-05-18 04:04:28,RM-01,Rolling Mill,2.874,41.62,2.921,117.49,1427.4,77.76,43.08,,0
2026-05-18 05:16:28,RM-01,Rolling Mill,1.707,54.77,7.523,62.88,2578.3,89.21,53.93,,0
2026-05-18 06:28:28,RM-01,Rolling Mill,2.346,49.82,6.349,79.02,1622.0,99.34,42.98,,0
2026-05-18 07:40:28,RM-01,Rolling Mill,2.352,51.96,2.305,185.78,1064.2,69.31,44.01,,0
2026-05-18 08:52:28,RM-01,Rolling Mill,0.87,56.81,4.855,161.8,1870.4,70.5,55.94,,0
2026-05-18 10:04:28,RM-01,Rolling Mill,0.531,42.3,4.184,188.03,947.4,98.41,41.41,,0
2026-05-18 11:16:28,RM-01,Rolling Mill,2.388,61.46,2.547,64.28,1033.6,63.12,63.75,,0
2026-05-18 12:28:28,RM-01,Rolling Mill,2.979,72.49,2.19,110.79,1442.9,79.04,65.47,,0
2026-05-18 13:40:28,RM-01,Rolling Mill,2.424,48.46,4.098,173.24,2507.0,84.93,57.62,,0
2026-05-18 14:52:28,RM-01,Rolling Mill,2.264,65.93,5.365,199.72,1695.9,75.07,78.27,,0
2026-05-18 16:04:28,RM-01,Rolling Mill,1.101,72.11,7.512,86.57,599.7,95.43,55.25,,0
2026-05-18 17:16:28,RM-01,Rolling Mill,1.49,52.15,7.813,137.16,2226.9,87.54,46.2,,0
2026-05-18 18:28:28,RM-01,Rolling Mill,0.555,88.62,3.693,68.76,1596.0,60.33,43.61,,0
2026-05-18 19:40:28,RM-01,Rolling Mill,1.714,59.44,6.013,169.72,2310.5,15.68,76.78,E005-LOW_OIL,1
2026-05-18 20:52:28,RM-01,Rolling Mill,1.358,75.67,6.118,145.75,1689.3,97.63,54.34,,0
2026-05-18 22:04:28,RM-01,Rolling Mill,1.956,66.72,7.541,180.45,1545.8,61.47,78.74,,0
2026-05-18 23:16:28,RM-01,Rolling Mill,2.038,85.29,2.114,82.35,873.8,97.61,64.36,,0
2026-05-19 00:28:28,RM-01,Rolling Mill,1.697,60.08,6.117,123.54,2774.3,7.97,43.23,E005-LOW_OIL,1
2026-05-19 01:40:28,RM-01,Rolling Mill,2.48,58.76,5.842,165.69,2057.8,83.76,41.92,,0
2026-05-19 02:52:28,RM-01,Rolling Mill,1.537,56.51,2.68,151.28,1697.6,83.63,65.89,,0
2026-05-19 04:04:28,RM-01,Rolling Mill,0.579,44.01,6.503,71.91,1166.3,75.7,61.73,,0
2026-05-19 05:16:28,RM-01,Rolling Mill,1.483,46.37,7.872,175.22,2390.4,99.14,58.52,,0
2026-05-19 06:28:28,RM-01,Rolling Mill,0.936,42.62,6.45,128.91,2364.2,16.87,71.12,E005-LOW_OIL,1
2026-05-19 07:40:28,RM-01,Rolling Mill,0.917,54.44,3.123,176.3,2048.5,94.62,78.07,,0
2026-05-19 08:52:28,RM-01,Rolling Mill,0.756,56.4,3.774,116.89,2294.2,66.67,57.76,,0
2026-05-16 10:50:28,RM-02,Rolling Mill,0.668,42.23,6.265,53.39,1357.7,64.37,72.0,,0
2026-05-16 12:02:28,RM-02,Rolling Mill,2.454,45.63,2.898,134.99,1956.7,98.59,44.01,,0
2026-05-16 13:14:28,RM-02,Rolling Mill,0.657,81.83,4.999,130.41,2079.9,83.0,68.74,,0
2026-05-16 14:26:28,RM-02,Rolling Mill,0.539,50.36,2.865,173.1,2552.3,97.15,51.97,,0
2026-05-16 15:38:28,RM-02,Rolling Mill,11.104,81.67,6.837,60.81,2654.4,61.69,98.12,E001-BEARING_WEAR,1
2026-05-16 16:50:28,RM-02,Rolling Mill,2.434,71.27,7.059,95.17,2474.8,82.01,42.92,,0
2026-05-16 18:02:28,RM-02,Rolling Mill,13.132,78.78,2.262,161.71,2263.1,92.46,100.26,E006-VIBRATION_HIGH,1
2026-05-16 19:14:28,RM-02,Rolling Mill,2.299,88.48,5.664,162.86,2459.5,69.36,49.57,,0
2026-05-16 20:26:28,RM-02,Rolling Mill,0.861,70.12,4.408,56.04,597.3,88.54,72.16,,0
2026-05-16 21:38:28,RM-02,Rolling Mill,1.102,51.27,7.145,71.65,1657.6,62.3,56.51,,0
2026-05-16 22:50:28,RM-02,Rolling Mill,2.403,45.11,2.524,114.65,1892.5,80.5,44.13,,0
2026-05-17 00:02:28,RM-02,Rolling Mill,0.658,77.3,2.273,177.24,1394.3,80.11,51.59,,0
2026-05-17 01:14:28,RM-02,Rolling Mill,8.919,88.24,2.757,194.8,1330.0,64.01,94.79,E001-BEARING_WEAR,1
2026-05-17 02:26:28,RM-02,Rolling Mill,1.162,44.06,3.439,288.57,891.3,76.34,67.57,E004-OVERCURRENT,1
2026-05-17 03:38:28,RM-02,Rolling Mill,0.654,79.05,3.334,79.72,1501.5,87.45,77.5,,0
2026-05-17 04:50:28,RM-02,Rolling Mill,2.023,76.22,7.584,110.1,2140.4,71.46,78.54,,0
2026-05-17 06:02:28,RM-02,Rolling Mill,2.803,72.79,7.57,174.81,1670.1,85.56,54.44,,0
2026-05-17 07:14:28,RM-02,Rolling Mill,0.644,78.68,3.052,124.16,526.8,94.02,77.23,,0
2026-05-17 08:26:28,RM-02,Rolling Mill,2.201,75.85,4.933,184.83,1613.7,62.23,45.28,,0
2026-05-17 09:38:28,RM-02,Rolling Mill,2.921,59.81,2.294,94.83,2550.2,66.95,78.08,,0
2026-05-17 10:50:28,RM-02,Rolling Mill,8.557,56.34,6.567,106.87,2380.0,93.28,102.97,E001-BEARING_WEAR,1
2026-05-17 12:02:28,RM-02,Rolling Mill,2.304,54.39,5.441,131.48,2739.4,75.78,53.81,,0
2026-05-17 13:14:28,RM-02,Rolling Mill,2.618,44.66,7.833,145.23,2243.2,94.0,71.83,,0
2026-05-17 14:26:28,RM-02,Rolling Mill,1.231,84.17,4.319,196.97,1771.4,88.39,76.15,,0
2026-05-17 15:38:28,RM-02,Rolling Mill,1.501,62.83,7.014,153.49,1695.6,76.87,75.44,,0
2026-05-17 16:50:28,RM-02,Rolling Mill,2.81,61.66,6.347,124.42,1456.8,77.07,54.16,,0
2026-05-17 18:02:28,RM-02,Rolling Mill,0.742,50.35,5.829,196.56,1683.9,64.62,71.4,,0
2026-05-17 19:14:28,RM-02,Rolling Mill,1.465,44.08,3.347,97.8,747.7,88.59,53.41,,0
2026-05-17 20:26:28,RM-02,Rolling Mill,2.012,44.46,4.65,187.01,1517.9,79.38,60.66,,0
2026-05-17 21:38:28,RM-02,Rolling Mill,1.257,52.63,2.925,113.47,1442.5,77.96,63.92,,0
2026-05-17 22:50:28,RM-02,Rolling Mill,0.87,69.75,3.918,159.07,2518.4,63.48,62.25,,0
2026-05-18 00:02:28,RM-02,Rolling Mill,1.35,47.18,7.169,97.9,2970.1,73.81,55.95,,0
2026-05-18 01:14:28,RM-02,Rolling Mill,2.001,46.05,7.903,167.4,1368.0,17.95,54.82,E005-LOW_OIL,1
2026-05-18 02:26:28,RM-02,Rolling Mill,2.494,71.49,3.118,148.6,1489.0,89.5,75.32,,0
2026-05-18 03:38:28,RM-02,Rolling Mill,2.165,50.42,4.335,194.18,2840.5,66.34,69.13,,0
2026-05-18 04:50:28,RM-02,Rolling Mill,2.655,42.39,5.934,90.98,2498.4,77.48,56.0,,0
2026-05-18 06:02:28,RM-02,Rolling Mill,2.36,77.49,3.263,109.56,738.9,97.47,58.93,,0
2026-05-18 07:14:28,RM-02,Rolling Mill,2.276,70.27,4.373,183.15,2452.4,97.55,69.92,,0
2026-05-18 08:26:28,RM-02,Rolling Mill,1.866,49.2,7.336,198.55,2893.1,80.96,73.56,,0
2026-05-18 09:38:28,RM-02,Rolling Mill,1.069,42.57,4.883,128.63,2303.0,90.98,55.21,,0
2026-05-18 10:50:28,RM-02,Rolling Mill,2.993,88.55,6.517,136.29,725.2,77.28,71.45,,0
2026-05-18 12:02:28,RM-02,Rolling Mill,2.424,78.91,5.017,112.8,905.1,67.99,64.19,,0
2026-05-18 13:14:28,RM-02,Rolling Mill,2.746,43.89,3.51,195.9,1057.2,76.23,72.69,,0
2026-05-18 14:26:28,RM-02,Rolling Mill,1.482,46.86,6.379,128.11,2195.0,94.91,67.46,,0
2026-05-18 15:38:28,RM-02,Rolling Mill,2.705,61.86,3.499,157.24,2115.0,93.14,48.82,,0
2026-05-18 16:50:28,RM-02,Rolling Mill,1.872,71.15,7.954,154.26,2170.7,75.06,76.24,,0
2026-05-18 18:02:28,RM-02,Rolling Mill,1.412,43.63,6.227,149.32,1965.0,73.46,52.9,,0
2026-05-18 19:14:28,RM-02,Rolling Mill,2.448,76.24,5.357,198.91,1106.9,80.84,67.41,,0
2026-05-18 20:26:28,RM-02,Rolling Mill,2.338,48.76,6.073,133.38,617.2,73.78,65.73,,0
2026-05-18 21:38:28,RM-02,Rolling Mill,0.916,60.7,7.291,102.68,1438.4,93.15,71.55,,0
2026-05-18 22:50:28,RM-02,Rolling Mill,2.041,82.13,5.562,126.1,1774.3,79.59,62.52,,0
2026-05-19 00:02:28,RM-02,Rolling Mill,1.524,48.02,5.289,186.55,2220.5,79.23,49.38,,0
2026-05-19 01:14:28,RM-02,Rolling Mill,2.795,84.08,2.239,147.28,758.1,98.74,65.34,,0
2026-05-19 02:26:28,RM-02,Rolling Mill,1.208,60.49,3.932,64.44,2147.2,61.75,77.51,,0
2026-05-19 03:38:28,RM-02,Rolling Mill,1.068,44.48,3.847,111.83,889.3,60.42,60.93,,0
2026-05-19 04:50:28,RM-02,Rolling Mill,14.676,51.08,5.691,159.09,2771.9,86.36,83.7,E006-VIBRATION_HIGH,1
2026-05-19 06:02:28,RM-02,Rolling Mill,2.335,54.73,3.066,50.27,2255.0,82.91,74.03,,0
2026-05-19 07:14:28,RM-02,Rolling Mill,1.915,79.63,3.02,61.85,2677.1,7.86,49.63,E005-LOW_OIL,1
2026-05-19 08:26:28,RM-02,Rolling Mill,1.468,90.0,7.942,191.62,2872.8,69.02,53.67,,0
2026-05-19 09:38:28,RM-02,Rolling Mill,2.465,80.04,5.684,152.68,630.1,75.56,65.44,,0
